3277.329369
2789.654268
3272.358921
3398.894541
3179.604775
3002.366003
3377.362108
2994.542140
2982.372238
3202.174821
3369.669756
3053.910591
3072.720387
2927.314044
3207.658121
3389.871152
3288.268615
2965.755788
3327.613033
2802.404376
2908.728367
3036.307973
2955.610163
2688.375903
2681.026533
3440.525836
3085.309424
3181.864026
3186.479675
3013.268142
3388.161369
3215.433506
3076.226865
2898.076129
3071.553507
3092.923789
3316.638355
3530.921202
2777.902046
3340.114176
3098.137477
3169.435549
3168.340443
3222.577082
3388.166409
2991.803405
3419.173889
3358.880453
3331.427918
3362.402575
2758.742554
3113.782586
3067.444660
2979.902482
3186.920039
2865.247489
3063.127347
2931.903330
3171.398408
3122.705786
3249.476805
2879.941720
2908.503257
3161.849062
2996.079505
3366.179262
2950.861560
3092.152405
3108.108997
3268.046943
3398.844261
3424.701219
3169.286991
3208.144585
3292.602378
2905.702447
3112.190117
3020.305209
2909.872354
3286.235838
3107.316751
2979.208872
3157.804019
3153.549201
3043.705656
3307.166679
3067.526742
3005.040444
3307.334972
2921.912943
3122.886185
3203.174493
3275.695275
3119.623879
3313.835434
3004.374972
3223.913093
2704.518247
3258.288473
3132.872062
